%YAML:1.0
# facial feature point detected in input image (just for test)
facialFeaturePoint: !!opencv-matrix
   rows: 68
   cols: 2
   dt: f
   data: [137.000000,296.000000,138.000000,325.000000,141.000000,353.000000,146.000000,381.000000,158.000000,407.000000,177.000000,430.000000,200.000000,448.000000,229.000000,460.000000,259.000000,463.000000,286.000000,459.000000,304.000000,441.000000,318.000000,419.000000,329.000000,395.000000,334.000000,369.000000,336.000000,343.000000,336.000000,319.000000,333.000000,296.000000,175.000000,278.000000,189.000000,264.000000,208.000000,257.000000,229.000000,259.000000,247.000000,267.000000,277.000000,267.000000,290.000000,260.000000,305.000000,257.000000,319.000000,261.000000,326.000000,274.000000,263.000000,287.000000,265.000000,306.000000,268.000000,325.000000,271.000000,345.000000,243.000000,357.000000,255.000000,361.000000,267.000000,365.000000,277.000000,361.000000,286.000000,356.000000,197.000000,296.000000,209.000000,291.000000,220.000000,290.000000,232.000000,296.000000,220.000000,297.000000,209.000000,297.000000,281.000000,295.000000,292.000000,290.000000,302.000000,289.000000,312.000000,293.000000,302.000000,296.000000,291.000000,296.000000,215.000000,387.000000,237.000000,385.000000,254.000000,382.000000,265.000000,384.000000,275.000000,382.000000,286.000000,384.000000,299.000000,387.000000,287.000000,398.000000,275.000000,403.000000,265.000000,404.000000,253.000000,403.000000,236.000000,398.000000,221.000000,388.000000,254.000000,392.000000,265.000000,393.000000,275.000000,391.000000,293.000000,388.000000,275.000000,391.000000,265.000000,392.000000,253.000000,391.000000]